# Time(s) Signal
0.0000000000e+00 0.0000000000e+00
1.0000000000e-04 1.0724368737e+00
2.0000000000e-04 1.7225896462e+00
3.0000000000e-04 1.6944690770e+00
4.0000000000e-04 9.9918279230e-01
5.0000000000e-04 -8.9452566779e-02
6.0000000000e-04 -1.1427555843e+00
7.0000000000e-04 -1.7460016390e+00
8.0000000000e-04 -1.6617309112e+00
9.0000000000e-04 -9.2323020597e-01
1.0000000000e-03 1.7861629741e-01
1.1000000000e-03 1.2099126384e+00
1.2000000000e-03 1.7646310381e+00
1.3000000000e-03 1.6244827417e+00
1.4000000000e-03 8.4482565238e-01
1.5000000000e-03 -2.6720346334e-01
1.6000000000e-03 -1.2736931975e+00
1.7000000000e-03 -1.7784210699e+00
1.8000000000e-03 -1.5828483593e+00
1.9000000000e-03 -7.6422439376e-01
2.0000000000e-03 3.5492854677e-01
2.1000000000e-03 1.3338946917e+00
2.2000000000e-03 1.7873324186e+00
2.3000000000e-03 1.5369672740e+00
2.4000000000e-03 6.8168943541e-01
2.5000000000e-03 -4.4150933480e-01
2.6000000000e-03 -1.3903275917e+00
2.7000000000e-03 -1.7913433697e+00
2.8000000000e-03 -1.4869941732e+00
2.9000000000e-03 -5.9749051358e-01
3.0000000000e-03 5.2666800037e-01
3.1000000000e-03 1.4428161299e+00
3.2000000000e-03 1.7904498845e+00
3.3000000000e-03 1.4330983201e+00
3.4000000000e-03 5.1190305703e-01
3.5000000000e-03 -6.1013216535e-01
3.6000000000e-03 -1.4911989659e+00
3.7000000000e-03 -1.7846656042e+00
3.8000000000e-03 -1.3754628946e+00
3.9000000000e-03 -4.2520712621e-01
4.0000000000e-03 6.9163594175e-01
4.1000000000e-03 1.5353297944e+00
4.2000000000e-03 1.7740217835e+00
4.3000000000e-03 1.3142842790e+00
4.4000000000e-03 3.3768633464e-01
4.5000000000e-03 -7.7092094668e-01
4.6000000000e-03 -1.5750778945e+00
4.7000000000e-03 -1.7585671552e+00
4.8000000000e-03 -1.2497712921e+00
4.9000000000e-03 -2.4962675656e-01
5.0000000000e-03 8.4773728705e-01
5.1000000000e-03 1.6103286147e+00
5.2000000000e-03 1.7383677242e+00
5.3000000000e-03 1.1821443736e+00
5.4000000000e-03 1.6131582549e-01
5.5000000000e-03 -9.2184450997e-01
5.6000000000e-03 -1.6409837959e+00
5.7000000000e-03 -1.7135064944e+00
5.8000000000e-03 -1.1116347234e+00
5.9000000000e-03 -7.3041228060e-02
6.0000000000e-03 9.9301251513e-01
6.1000000000e-03 1.6669621274e+00
6.2000000000e-03 1.6840831271e+00
6.3000000000e-03 1.0384833986e+00
6.4000000000e-03 -1.4910202472e-02
6.5000000000e-03 -1.0610224254e+00
6.6000000000e-03 -1.6881994360e+00
6.7000000000e-03 -1.6502135346e+00
6.8000000000e-03 -9.6294037181e-01
6.9000000000e-03 1.0225358842e-01
7.0000000000e-03 1.1256674121e+00
7.1000000000e-03 1.7046489070e+00
7.2000000000e-03 1.6120294081e+00
7.3000000000e-03 8.8526355513e-01
7.4000000000e-03 -1.8870710124e-01
7.5000000000e-03 -1.1867534720e+00
7.6000000000e-03 -1.7162812356e+00
7.7000000000e-03 -1.5696776849e+00
7.8000000000e-03 -8.0571779310e-01
7.9000000000e-03 2.7399304202e-01
8.0000000000e-03 1.2441001519e+00
8.1000000000e-03 1.7230847092e+00
8.2000000000e-03 1.5233199540e+00
8.3000000000e-03 7.2457382911e-01
8.4000000000e-03 -3.5783890447e-01
8.5000000000e-03 -1.2975412196e+00
8.6000000000e-03 -1.7250652187e+00
8.7000000000e-03 -1.4731318053e+00
8.8000000000e-03 -6.4210724943e-01
8.9000000000e-03 4.3997841628e-01
9.0000000000e-03 1.3469252770e+00
9.1000000000e-03 1.7222462004e+00
9.2000000000e-03 1.4193021222e+00
9.3000000000e-03 5.5859740896e-01
9.4000000000e-03 -5.2015255441e-01
9.5000000000e-03 -1.3921163131e+00
9.6000000000e-03 -1.7146685080e+00
9.7000000000e-03 -1.3620323236e+00
9.8000000000e-03 -4.7432634324e-01
9.9000000000e-03 5.9811053049e-01
1.0000000000e-02 1.4329941963e+00
1.0100000000e-02 1.7023902152e+00
1.0200000000e-02 1.3015355562e+00
1.0300000000e-02 3.8957767111e-01
1.0400000000e-02 -6.7361074211e-01
1.0500000000e-02 -1.4694551012e+00
1.0600000000e-02 -1.6854863499e+00
1.0700000000e-02 -1.2380358402e+00
1.0800000000e-02 -3.0463549228e-01
1.0900000000e-02 7.4642168633e-01
1.1000000000e-02 1.5014118712e+00
1.1100000000e-02 1.6640485610e+00
1.1200000000e-02 1.1717671744e+00
1.1300000000e-02 2.1978328456e-01
1.1400000000e-02 -8.1632283172e-01
1.1500000000e-02 -1.5287943134e+00
1.1600000000e-02 -1.6381847200e+00
1.1700000000e-02 -1.1029726012e+00
1.1800000000e-02 -1.3530280497e-01
1.1900000000e-02 8.8310544533e-01
1.2000000000e-02 1.5515494254e+00
1.2100000000e-02 1.6080184570e+00
1.2200000000e-02 1.0319032375e+00
1.2300000000e-02 5.1472999358e-02
1.2400000000e-02 -9.4657337138e-01
1.2500000000e-02 -1.5696415533e+00
1.2600000000e-02 -1.5736886360e+00
1.2700000000e-02 -9.5881727467e-01
1.2800000000e-02 3.1431075208e-02
1.2900000000e-02 1.0065437585e+00
1.3000000000e-02 1.5830524799e+00
1.3100000000e-02 1.5353487686e+00
1.3200000000e-02 8.8397895173e-01
1.3300000000e-02 -1.1313931079e-01
1.3400000000e-02 -1.0628477326e+00
1.3500000000e-02 -1.5917814429e+00
1.3600000000e-02 -1.4931663714e+00
1.3700000000e-02 -8.0765750564e-01
1.3800000000e-02 1.9338758748e-01
1.3900000000e-02 1.1153310128e+00
1.4000000000e-02 1.5958450836e+00
1.4100000000e-02 1.4473222667e+00
1.4200000000e-02 7.3012610369e-01
1.4300000000e-02 -2.7191878655e-01
1.4400000000e-02 -1.1638544675e+00
1.4500000000e-02 -1.5952773255e+00
1.4600000000e-02 -1.3980098326e+00
1.4700000000e-02 -6.5166076164e-01
1.4800000000e-02 3.4848377393e-01
1.4900000000e-02 1.2082946096e+00
1.5000000000e-02 1.5901291837e+00
1.5100000000e-02 1.3454342033e+00
1.5200000000e-02 5.7253925244e-01
1.5300000000e-02 -4.2284234983e-01
1.5400000000e-02 -1.2485440268e+00
1.5500000000e-02 -1.5804685067e+00
1.5600000000e-02 -1.2898114234e+00
1.5700000000e-02 -4.9304000975e-01
1.5800000000e-02 4.9476416086e-01
1.5900000000e-02 1.2845117479e+00
1.6000000000e-02 1.5663796503e+00
1.6100000000e-02 1.2313675599e+00
1.6200000000e-02 4.1344103078e-01
1.6300000000e-02 -5.6402957085e-01
1.6400000000e-02 -1.3161235413e+00
1.6500000000e-02 -1.5479630860e+00
1.6600000000e-02 -1.1703377764e+00
1.6700000000e-02 -3.3401878302e-01
1.6800000000e-02 6.3043048698e-01
1.6900000000e-02 1.3433221459e+00
1.7000000000e-02 1.5253349454e+00
1.7100000000e-02 1.1069653715e+00
1.7200000000e-02 2.5504711908e-01
1.7300000000e-02 -6.9377113782e-01
1.7400000000e-02 -1.3660674336e+00
1.7500000000e-02 -1.4986265019e+00
1.7600000000e-02 -1.0415007863e+00
1.7700000000e-02 -1.7679620431e-01
1.7800000000e-02 7.5386880015e-01
1.7900000000e-02 1.3843365018e+00
1.8000000000e-02 1.4679835934e+00
1.8100000000e-02 9.7420058567e-01
1.8200000000e-02 9.9531461295e-02
1.8300000000e-02 -8.1055447173e-01
1.8400000000e-02 -1.3981236967e+00
1.8500000000e-02 -1.4335659859e+00
1.8600000000e-02 -9.0532641634e-01
1.8700000000e-02 -2.3512535745e-02
1.8800000000e-02 8.6367348729e-01
1.8900000000e-02 1.4074405661e+00
1.9000000000e-02 1.3955466835e+00
1.9100000000e-02 8.3514394683e-01
1.9200000000e-02 -5.1007712234e-02
1.9300000000e-02 -9.1308607525e-01
1.9400000000e-02 -1.4123157441e+00
1.9500000000e-02 -1.3541111855e+00
1.9600000000e-02 -7.6392179316e-01
1.9700000000e-02 1.2378418725e-01
1.9800000000e-02 9.5866785304e-01
1.9900000000e-02 1.4127947653e+00
2.0000000000e-02 1.3094566944e+00
2.0100000000e-02 6.9193043499e-01
2.0200000000e-02 -1.9458050422e-01
2.0300000000e-02 -1.0003102590e+00
2.0400000000e-02 -1.4089398120e+00
2.0500000000e-02 -1.2617912789e+00
2.0600000000e-02 -6.1944112653e-01
2.0700000000e-02 2.6316989664e-01
2.0800000000e-02 1.0379209191e+00
2.0900000000e-02 1.4008293941e+00
2.1000000000e-02 1.2113329938e+00
2.1100000000e-02 5.4672480658e-01
2.1200000000e-02 -3.2933608382e-01
2.1300000000e-02 -1.0714239476e+00
2.1400000000e-02 -1.3885579634e+00
2.1500000000e-02 -1.1583089619e+00
2.1600000000e-02 -4.7405101237e-01
2.1700000000e-02 3.9287409359e-01
2.1800000000e-02 1.1007601791e+00
2.1900000000e-02 1.3722354638e+00
2.2000000000e-02 1.1029544204e+00
2.2100000000e-02 4.0168680141e-01
2.2200000000e-02 -4.5359103722e-01
2.2300000000e-02 -1.1258873330e+00
2.2400000000e-02 -1.3519868196e+00
2.2500000000e-02 -1.0455117374e+00
2.2600000000e-02 -3.2989568588e-01
2.2700000000e-02 5.1130683333e-01
2.2800000000e-02 1.1467801084e+00
2.2900000000e-02 1.3279513640e+00
2.3000000000e-02 9.8622940027e-01
2.3100000000e-02 2.5893658391e-01
2.3200000000e-02 -5.6585487805e-01
2.3300000000e-02 -1.1634302096e+00
2.3400000000e-02 -1.3002822101e+00
2.3500000000e-02 -9.2536098245e-01
2.3600000000e-02 -1.8906279196e-01
2.3700000000e-02 6.1708265849e-01
2.3800000000e-02 1.1758463019e+00
2.3900000000e-02 1.2691455667e+00
2.4000000000e-02 8.6316409133e-01
2.4100000000e-02 1.2052098250e-01
2.4200000000e-02 -6.6485230739e-01
2.4300000000e-02 -1.1840538985e+00
2.4400000000e-02 -1.2347200029e+00
2.4500000000e-02 -7.9989930214e-01
2.4600000000e-02 -5.3550231149e-02
2.4700000000e-02 7.0904109648e-01
2.4800000000e-02 1.1880951786e+00
2.4900000000e-02 1.1971956629e+00
2.5000000000e-02 7.3582908216e-01
2.5100000000e-02 -1.1618922883e-02
2.5200000000e-02 -7.4954186671e-01
2.5300000000e-02 -1.1880287377e+00
2.5400000000e-02 -1.1567734357e+00
2.5500000000e-02 -6.7121670966e-01
2.5600000000e-02 7.4765379170e-02
2.5700000000e-02 7.8626339367e-01
2.5800000000e-02 1.1839292709e+00
2.5900000000e-02 1.1136640831e+00
2.6000000000e-02 6.0632519206e-01
2.6100000000e-02 -1.3567833759e-01
2.6200000000e-02 -8.1913068672e-01
2.6300000000e-02 -1.1758871913e+00
2.6400000000e-02 -1.0680873279e+00
2.6500000000e-02 -5.4141618766e-01
2.6600000000e-02 1.9415811554e-01
2.6700000000e-02 8.4808522071e-01
2.6800000000e-02 1.1640081843e+00
2.6900000000e-02 1.0202709088e+00
2.7000000000e-02 4.7674893548e-01
2.7100000000e-02 -2.5001691749e-01
2.7200000000e-02 -8.7308509942e-01
2.7300000000e-02 -1.1484126998e+00
2.7400000000e-02 -9.7044960334e-01
2.7500000000e-02 -4.1257919753e-01
2.7600000000e-02 3.0307955382e-01
2.7700000000e-02 8.9410515009e-01
2.7800000000e-02 1.1292353860e+00
2.7900000000e-02 9.1886422498e-01
2.8000000000e-02 3.4915821785e-01
2.8100000000e-02 -3.5318410596e-01
2.8200000000e-02 -9.1113694877e-01
2.8300000000e-02 -1.1066244639e+00
2.8400000000e-02 -8.6576059697e-01
2.8500000000e-02 -2.8673170265e-01
2.8600000000e-02 4.0018253527e-01
2.8700000000e-02 9.2418877646e-01
2.8800000000e-02 1.0807410493e+00
2.8900000000e-02 8.1138850819e-01
2.9000000000e-02 2.2553882564e-01
2.9100000000e-02 -4.4394123307e-01
2.9200000000e-02 -9.3328550624e-01
2.9300000000e-02 -1.0517584216e+00
2.9400000000e-02 -7.5600065497e-01
2.9500000000e-02 -1.6581126266e-01
2.9600000000e-02 4.8434150979e-01
2.9700000000e-02 9.3846842205e-01
2.9800000000e-02 1.0198612445e+00
2.9900000000e-02 6.9985157317e-01
3.0000000000e-02 1.0777225966e-01
3.0100000000e-02 -5.2128002109e-01
3.0200000000e-02 -9.3979496981e-01
3.0300000000e-02 -9.8524474098e-01
3.0400000000e-02 -6.4319656516e-01
3.0500000000e-02 -5.1635737609e-02
3.0600000000e-02 5.5466912945e-01
3.0700000000e-02 9.3733844210e-01
3.0800000000e-02 9.4811382687e-01
3.0900000000e-02 5.8629062596e-01
3.1000000000e-02 -2.3945617917e-03
3.1100000000e-02 -5.8443719969e-01
3.1200000000e-02 -9.3118759765e-01
3.1300000000e-02 -9.0868220529e-01
3.1400000000e-02 -5.2938737306e-01
3.1500000000e-02 5.4125886184e-02
3.1600000000e-02 6.1052882732e-01
3.1700000000e-02 9.2144621746e-01
3.1800000000e-02 8.6717142721e-01
3.1900000000e-02 4.7273798439e-01
3.2000000000e-02 -1.0337723516e-01
3.2100000000e-02 -6.3290499882e-01
3.2200000000e-02 -9.0823259925e-01
3.2300000000e-02 -8.2380992101e-01
3.2400000000e-02 -4.1659014863e-01
3.2500000000e-02 1.4998007225e-01
3.2600000000e-02 6.5154318328e-01
3.2700000000e-02 8.9167899256e-01
3.2800000000e-02 7.7883199563e-01
3.2900000000e-02 3.6118703245e-01
3.3000000000e-02 -1.9377898335e-01
3.3100000000e-02 -6.6643735509e-01
3.3200000000e-02 -8.7193097683e-01
3.3300000000e-02 -7.3247682117e-01
3.3400000000e-02 -3.0676626876e-01
3.3500000000e-02 2.3463227906e-01
3.3600000000e-02 6.7759794765e-01
3.3700000000e-02 8.4914678505e-01
3.3800000000e-02 6.8498739141e-01
3.3900000000e-02 2.5355897014e-01
3.4000000000e-02 -2.7241253834e-01
3.4100000000e-02 -6.8505173838e-01
3.4200000000e-02 -8.2349657596e-01
3.4300000000e-02 -6.3660947242e-01
3.4400000000e-02 -2.0178877165e-01
3.4500000000e-02 3.0700709140e-01
3.4600000000e-02 6.8884166549e-01
3.4700000000e-02 7.9516165777e-01
3.4800000000e-02 5.8759054166e-01
3.4900000000e-02 1.5167090683e-01
3.5000000000e-02 -3.3831843976e-01
3.5100000000e-02 -6.8902657754e-01
3.5200000000e-02 -7.6433366666e-01
3.5300000000e-02 -5.3817872202e-01
3.5400000000e-02 -1.0341132074e-01
3.5500000000e-02 3.6626461198e-01
3.5600000000e-02 6.8568091663e-01
3.5700000000e-02 7.3121370365e-01
3.5800000000e-02 4.8862171526e-01
3.5900000000e-02 5.7205823686e-02
3.6000000000e-02 -3.9077945347e-01
3.6100000000e-02 -6.7889433678e-01
3.6200000000e-02 -6.9601143320e-01
3.6300000000e-02 -4.3916573912e-01
3.6400000000e-02 -1.3239289101e-02
3.6500000000e-02 4.1181284927e-01
3.6600000000e-02 6.6877125911e-01
3.6700000000e-02 6.5894414769e-01
3.6800000000e-02 3.9005447273e-01
3.6900000000e-02 -2.8315101092e-02
3.7000000000e-02 -4.2933087910e-01
3.7100000000e-02 -6.5543036569e-01
3.7200000000e-02 -6.2023580129e-01
3.7300000000e-02 -3.4152801455e-01
3.7400000000e-02 6.7296560596e-02
3.7500000000e-02 4.4331590376e-01
3.7600000000e-02 6.3900403422e-01
3.7700000000e-02 5.8011601758e-01
3.7800000000e-02 2.9382185717e-01
3.7900000000e-02 -1.0355734940e-01
3.8000000000e-02 -4.5376658300e-01
3.8100000000e-02 -6.1963771596e-01
3.8200000000e-02 -5.3881907494e-01
3.8300000000e-02 -2.4716588328e-01
3.8400000000e-02 1.3696336836e-01
3.8500000000e-02 4.6069782443e-01
3.8600000000e-02 5.9748925958e-01
3.8700000000e-02 4.9658287395e-01
3.8800000000e-02 2.0178338700e-01
3.8900000000e-02 -1.6739469520e-01
3.9000000000e-02 -4.6414066406e-01
3.9100000000e-02 -5.7272818369e-01
3.9200000000e-02 -4.5364789109e-01
3.9300000000e-02 -1.5789012448e-01
3.9400000000e-02 1.9474605988e-01
3.9500000000e-02 4.6414207881e-01
3.9600000000e-02 5.4553490121e-01
3.9700000000e-02 4.1025612326e-01
3.9800000000e-02 1.1569339785e-01
3.9900000000e-02 -2.1892725721e-01
4.0000000000e-02 -4.6076473193e-01
4.0100000000e-02 -5.1609989880e-01
4.0200000000e-02 -3.6665002729e-01
4.0300000000e-02 -7.5391176244e-02
4.0400000000e-02 2.3986349520e-01
4.0500000000e-02 4.5408665241e-01
4.0600000000e-02 4.8462287484e-01
4.0700000000e-02 3.2307145905e-01
4.0800000000e-02 3.7171257584e-02
4.0900000000e-02 -2.5749567767e-01
4.1000000000e-02 -4.4420084975e-01
4.1100000000e-02 -4.5131183952e-01
4.1200000000e-02 -2.7976061650e-01
4.1300000000e-02 -1.2104745038e-03
4.1400000000e-02 2.7178061992e-01
4.1500000000e-02 4.3121486572e-01
4.1600000000e-02 4.1638218088e-01
4.1700000000e-02 2.3695499116e-01
4.1800000000e-02 -3.2326052187e-02
4.1900000000e-02 -2.8269119677e-01
4.2000000000e-02 -4.1525026509e-01
4.2100000000e-02 -3.8005570069e-01
4.2200000000e-02 -1.9488833222e-01
4.2300000000e-02 6.3285609501e-02
4.2400000000e-02 2.9021642219e-01
4.2500000000e-02 3.9644206740e-01
4.2600000000e-02 3.4255962419e-01
4.2700000000e-02 1.5378962781e-01
4.2800000000e-02 -9.1528534804e-02
4.2900000000e-02 -2.9436146039e-01
4.3000000000e-02 -3.7493812228e-01
4.3100000000e-02 -3.0412558791e-01
4.3200000000e-02 -1.1388210748e-01
4.3300000000e-02 1.1692880225e-01
4.3400000000e-02 2.9514756822e-01
4.3500000000e-02 3.5089843078e-01
4.3600000000e-02 2.6498860973e-01
4.3700000000e-02 7.5382270223e-02
4.3800000000e-02 -1.3937455070e-01
4.3900000000e-02 -2.9261196933e-01
4.4000000000e-02 -3.2449441583e-01
4.4100000000e-02 -2.2538604547e-01
4.4200000000e-02 -3.8498941933e-02
4.4300000000e-02 1.5876855090e-01
4.4400000000e-02 2.8680766041e-01
4.4500000000e-02 2.9590814465e-01
4.4600000000e-02 1.8555653658e-01
4.4700000000e-02 3.4323663325e-03
4.4800000000e-02 -1.7502861004e-01
4.4900000000e-02 -2.7780315059e-01
4.5000000000e-02 -2.6533150653e-01
4.5100000000e-02 -1.4573895298e-01
4.5200000000e-02 2.9626666896e-02
4.5300000000e-02 1.8808791207e-01
4.5400000000e-02 2.6568213494e-01
4.5500000000e-02 2.3296534937e-01
4.5600000000e-02 1.0617133583e-01
4.5700000000e-02 -6.0497653116e-02
4.5800000000e-02 -1.9789529219e-01
4.5900000000e-02 -2.5054310352e-01
4.6000000000e-02 -1.9901857865e-01
4.6100000000e-02 -6.7089844416e-02
4.6200000000e-02 8.9011159440e-02
4.6300000000e-02 2.0441544463e-01
4.6400000000e-02 2.3249888767e-01
4.6500000000e-02 1.6370722254e-01
4.6600000000e-02 2.8727711648e-02
4.6700000000e-02 -1.1500956384e-01
4.6800000000e-02 -2.0762906270e-01
4.6900000000e-02 -2.1167614536e-01
4.7000000000e-02 -1.2725346713e-01
4.7100000000e-02 8.6857874974e-03
4.7200000000e-02 1.3834774357e-01
4.7300000000e-02 2.0753291054e-01
4.7400000000e-02 1.8821478789e-01
4.7500000000e-02 8.9884665842e-02
4.7600000000e-02 -4.4926350237e-02
4.7700000000e-02 -1.5889371009e-01
4.7800000000e-02 -2.0413982644e-01
4.7900000000e-02 -1.6226735019e-01
4.8000000000e-02 -5.1832327041e-02
4.8100000000e-02 7.9775638745e-02
4.8200000000e-02 1.7652918773e-01
4.8300000000e-02 1.9747865752e-01
4.8400000000e-02 1.3399830756e-01
4.8500000000e-02 1.3331084255e-02
4.8600000000e-02 -1.1302224725e-01
4.8700000000e-02 -1.9115013384e-01
4.8800000000e-02 -1.8759412619e-01
4.8900000000e-02 -1.0358334151e-01
4.9000000000e-02 2.5382346798e-02
4.9100000000e-02 1.4446263940e-01
4.9200000000e-02 2.0266719806e-01
4.9300000000e-02 1.7454662889e-01
4.9400000000e-02 7.1208557967e-02
4.9500000000e-02 -6.4070219981e-02
4.9600000000e-02 -1.7390205206e-01
4.9700000000e-02 -2.1100611903e-01
4.9800000000e-02 -1.5841196804e-01
4.9900000000e-02 -3.7069660914e-02
5.0000000000e-02 1.0249481489e-01
5.0100000000e-02 2.0115536163e-01
5.0200000000e-02 2.1610805657e-01
5.0300000000e-02 1.3928101816e-01
5.0400000000e-02 1.3710851531e-03
5.0500000000e-02 -1.4041949298e-01
5.0600000000e-02 -2.2604790933e-01
5.0700000000e-02 -2.1792985829e-01
5.0800000000e-02 -1.1725932772e-01
5.0900000000e-02 3.5674908379e-02
5.1000000000e-02 1.7760974927e-01
5.1100000000e-02 2.4841628205e-01
5.1200000000e-02 2.1644425923e-01
5.1300000000e-02 9.2466658313e-02
5.1400000000e-02 -7.3849170857e-02
5.1500000000e-02 -2.1383425516e-01
5.1600000000e-02 -2.6810904541e-01
5.1700000000e-02 -2.1164001379e-01
5.1800000000e-02 -6.5036463035e-02
5.1900000000e-02 1.1292663347e-01
5.2000000000e-02 2.4886588810e-01
5.2100000000e-02 2.8498742590e-01
5.2200000000e-02 2.0352195944e-01
5.2300000000e-02 3.5115306317e-02
5.2400000000e-02 -1.5267730097e-01
5.2500000000e-02 -2.8248274363e-01
5.2600000000e-02 -2.9892593945e-01
5.2700000000e-02 -1.9211101185e-01
5.2800000000e-02 -2.8622275759e-03
5.2900000000e-02 1.9286726664e-01
5.3000000000e-02 3.1446912577e-01
5.3100000000e-02 3.0981296353e-01
5.3200000000e-02 1.7744409142e-01
5.3300000000e-02 -3.1551948652e-02
5.3400000000e-02 -2.3325974455e-01
5.3500000000e-02 -3.4461651147e-01
5.3600000000e-02 -3.1755125062e-01
5.3700000000e-02 -1.5957398169e-01
5.3800000000e-02 6.7945353217e-02
5.3900000000e-02 2.7361611466e-01
5.4000000000e-02 3.7272448502e-01
5.4100000000e-02 3.2205838061e-01
5.4200000000e-02 1.3856911991e-01
5.4300000000e-02 -1.0612586043e-01
5.4400000000e-02 -3.1369697654e-01
5.4500000000e-02 -3.9860163875e-01
5.4600000000e-02 -3.2326715054e-01
5.4700000000e-02 -1.1451332088e-01
5.4800000000e-02 1.4589192042e-01
5.4900000000e-02 3.5326320716e-01
5.5000000000e-02 4.2206643594e-01
5.5100000000e-02 3.2112589971e-01
5.5200000000e-02 8.7505435027e-02
5.5300000000e-02 -1.8703343232e-01
5.5400000000e-02 -3.9207701845e-01
5.5500000000e-02 -4.4294803255e-01
5.5600000000e-02 -3.1559876899e-01
5.5700000000e-02 -5.7658942244e-02
5.5800000000e-02 2.2933265460e-01
5.5900000000e-02 4.2990301014e-01
5.6000000000e-02 4.6108705414e-01
5.6100000000e-02 3.0666589317e-01
5.6200000000e-02 2.5101483028e-02
5.6300000000e-02 -2.7256514890e-01
5.6400000000e-02 -4.6650921351e-01
5.6500000000e-02 -4.7633632493e-01
5.6600000000e-02 -2.9432352544e-01
5.6700000000e-02 1.0025671037e-02
5.6800000000e-02 3.1650075319e-01
5.6900000000e-02 5.0166812166e-01
5.7000000000e-02 4.8856154562e-01
5.7100000000e-02 2.7858409352e-01
5.7200000000e-02 -4.7568205334e-02
5.7300000000e-02 -3.6090458048e-01
5.7400000000e-02 -5.3515770198e-01
5.7500000000e-02 -4.9764191749e-01
5.7600000000e-02 -2.5947618713e-01
5.7700000000e-02 8.7359406368e-02
5.7800000000e-02 4.0553803873e-01
5.7900000000e-02 5.6676238665e-01
5.8000000000e-02 5.0347070976e-01
5.8100000000e-02 2.3704447690e-01
5.8200000000e-02 -1.2922085935e-01
5.8300000000e-02 -4.5015986777e-01
5.8400000000e-02 -5.9627403694e-01
5.8500000000e-02 -5.0595576809e-01
5.8600000000e-02 -2.1134956482e-01
5.8700000000e-02 1.7296319636e-01
5.8800000000e-02 4.9452718898e-01
5.8900000000e-02 6.2349287729e-01
5.9000000000e-02 5.0501996195e-01
5.9100000000e-02 1.8246776708e-01
5.9200000000e-02 -2.1838689194e-01
5.9300000000e-02 -5.3839656322e-01
5.9400000000e-02 -6.4822839531e-01
5.9500000000e-02 -5.0060156894e-01
5.9600000000e-02 -1.5049082986e-01
5.9700000000e-02 2.6528310297e-01
5.9800000000e-02 5.8152505277e-01
5.9900000000e-02 6.7030020381e-01
6.0000000000e-02 4.9265459444e-01
6.0100000000e-02 1.1552557953e-01
6.0200000000e-02 -3.1343454909e-01
6.0300000000e-02 -6.2367128267e-01
6.0400000000e-02 -6.8953886135e-01
6.0500000000e-02 -4.8114902520e-01
6.0600000000e-02 -7.7693508347e-02
6.0700000000e-02 3.6261643040e-01
6.0800000000e-02 6.6459649717e-01
6.0900000000e-02 7.0578664782e-01
6.1000000000e-02 4.6607101579e-01
6.1100000000e-02 3.7130297625e-02
6.1200000000e-02 -4.1259737826e-01
6.1300000000e-02 -7.0406560690e-01
6.1400000000e-02 -7.1889829174e-01
6.1500000000e-02 -4.4742300701e-01
6.1600000000e-02 6.0147199418e-03
6.1700000000e-02 4.6314043552e-01
6.1800000000e-02 7.4184822226e-01
6.1900000000e-02 7.2874164623e-01
6.2000000000e-02 4.2522377585e-01
6.2100000000e-02 -5.1579156429e-02
6.2200000000e-02 -5.1400406206e-01
6.2300000000e-02 -7.7771966879e-01
6.2400000000e-02 -7.3519831088e-01
6.2500000000e-02 -3.9950841649e-01
6.2600000000e-02 9.9388220966e-02
6.2700000000e-02 5.6494316134e-01
6.2800000000e-02 8.1146198033e-01
6.2900000000e-02 7.3816419679e-01
6.3000000000e-02 3.7032825270e-01
6.3100000000e-02 -1.4925542545e-01
6.3200000000e-02 -6.1571012398e-01
6.3300000000e-02 -8.4286486574e-01
6.3400000000e-02 -7.3755003230e-01
6.3500000000e-02 -3.3775068160e-01
6.3600000000e-02 2.0098334086e-01
6.3700000000e-02 6.6605588371e-01
6.3800000000e-02 8.7172664515e-01
6.3900000000e-02 7.3328180756e-01
6.4000000000e-02 3.0185894963e-01
6.4100000000e-02 -2.5436440093e-01
6.4200000000e-02 -7.1573098162e-01
6.4300000000e-02 -8.9785515187e-01
6.4400000000e-02 -7.2530115562e-01
6.4500000000e-02 -2.6275186138e-01
6.4600000000e-02 3.0918175014e-01
6.4700000000e-02 7.6448663411e-01
6.4800000000e-02 9.2106859608e-01
6.4900000000e-02 7.1356566875e-01
6.5000000000e-02 2.2054342267e-01
6.5100000000e-02 -3.6521013223e-01
6.5200000000e-02 -8.1207580013e-01
6.5300000000e-02 -9.4119638682e-01
6.5400000000e-02 -6.9804914842e-01
6.5500000000e-02 -1.7536241905e-01
6.5600000000e-02 4.2221681588e-01
6.5700000000e-02 8.5825424339e-01
6.5800000000e-02 9.5807990870e-01
6.5900000000e-02 6.7874178788e-01
6.6000000000e-02 1.2735193157e-01
6.6100000000e-02 -4.7996255355e-01
6.6200000000e-02 -9.0278158495e-01
6.6300000000e-02 -9.7157325009e-01
6.6400000000e-02 -6.5565028653e-01
6.6500000000e-02 -7.6668791710e-02
6.6600000000e-02 5.3820256960e-01
6.6700000000e-02 9.4542234198e-01
6.6800000000e-02 9.8154387978e-01
6.6900000000e-02 6.2879789557e-01
6.7000000000e-02 2.3482977642e-02
6.7100000000e-02 -5.9668757371e-01
6.7200000000e-02 -9.8594694830e-01
6.7300000000e-02 -9.8787326923e-01
6.7400000000e-02 -5.9822439453e-01
6.7500000000e-02 3.2023045680e-02
6.7600000000e-02 6.5516479529e-01
6.7700000000e-02 1.0241327524e+00
6.7800000000e-02 9.9045745766e-01
6.7900000000e-02 5.6398599892e-01
6.8000000000e-02 -8.9655039976e-02
6.8100000000e-02 -7.1337903468e-01
6.8200000000e-02 -1.0597649890e+00
6.8300000000e-02 -9.8920755777e-01
6.8400000000e-02 -5.2615519907e-01
6.8500000000e-02 1.4920775772e-01
6.8600000000e-02 7.7107372685e-01
6.8700000000e-02 1.0926377195e+00
6.8800000000e-02 9.8405019984e-01
6.8900000000e-02 4.8482053096e-01
6.9000000000e-02 -2.1046575376e-01
6.9100000000e-02 -8.2799201314e-01
6.9200000000e-02 -1.1225547386e+00
6.9300000000e-02 -9.7492791218e-01
6.9400000000e-02 -4.4008627977e-01
6.9500000000e-02 2.7320424115e-01
6.9600000000e-02 8.8387781666e-01
6.9700000000e-02 1.1493304417e+00
6.9800000000e-02 9.6179943662e-01
6.9900000000e-02 3.9207211740e-01
7.0000000000e-02 -3.3718998773e-01
7.0100000000e-02 -9.3847691691e-01
7.0200000000e-02 -1.1727906510e+00
7.0300000000e-02 -9.4463997722e-01
7.0400000000e-02 -3.4091267526e-01
7.0500000000e-02 4.0218224978e-01
7.0600000000e-02 9.9153801919e-01
7.0700000000e-02 1.1927733957e+00
7.0800000000e-02 9.2344138156e-01
7.0900000000e-02 2.8675705418e-01
7.1000000000e-02 -4.6793373895e-01
7.1100000000e-02 -1.0428138143e+00
7.1200000000e-02 -1.2091296435e+00
7.1300000000e-02 -8.9821225334e-01
7.1400000000e-02 -2.2976827328e-01
7.1500000000e-02 5.3419161850e-01
7.1600000000e-02 1.0920620243e+00
7.1700000000e-02 1.2217239804e+00
7.1800000000e-02 8.6897799617e-01
7.1900000000e-02 1.7012265997e-01
7.2000000000e-02 -6.0069852480e-01
7.2100000000e-02 -1.1390464299e+00
7.2200000000e-02 -1.2304352360e+00
7.2300000000e-02 -8.3578078793e-01
7.2400000000e-02 -1.0800918368e-01
7.2500000000e-02 6.6719360988e-01
7.2600000000e-02 1.1835378750e+00
7.2700000000e-02 1.2351570513e+00
7.2800000000e-02 7.9867948595e-01
7.2900000000e-02 4.3628735824e-02
7.3000000000e-02 -7.3341360078e-01
7.3100000000e-02 -1.2253152452e+00
7.3200000000e-02 -1.2357983866e+00
7.3300000000e-02 -7.5774946329e-01
7.3400000000e-02 2.2806640942e-02
7.3500000000e-02 7.9909387135e-01
7.3600000000e-02 1.2641664142e+00
7.3700000000e-02 1.2322839677e+00
7.3800000000e-02 7.1308237658e-01
7.3900000000e-02 -9.1074571214e-02
7.4000000000e-02 -8.6396952212e-01
7.4100000000e-02 -1.2998891569e+00
7.4200000000e-02 -1.2245546687e+00
7.4300000000e-02 -6.6478586646e-01
7.4400000000e-02 1.6094320964e-01
7.4500000000e-02 9.2777646382e-01
7.4600000000e-02 1.3322920230e+00
7.4700000000e-02 1.2125678289e+00
7.4800000000e-02 6.1298319171e-01
7.4900000000e-02 -2.3217214459e-01
7.5000000000e-02 -9.9025250005e-01
7.5100000000e-02 -1.3611951685e+00
7.5200000000e-02 -1.1962975027e+00
7.5300000000e-02 -5.5781279848e-01
7.5400000000e-02 3.0451333908e-01
7.5500000000e-02 1.0511384047e+00
7.5600000000e-02 1.3864311420e+00
7.5700000000e-02 1.1757346424e+00
7.5800000000e-02 4.9942782627e-01
7.5900000000e-02 -3.7771210500e-01
7.6000000000e-02 -1.1101789896e+00
7.6100000000e-02 -1.4078456215e+00
7.6200000000e-02 -1.1508872117e+00
7.6300000000e-02 -4.3799555280e-01
7.6400000000e-02 4.5150810685e-01
7.6500000000e-02 1.1671241584e+00
7.6600000000e-02 1.4252981001e+00
7.6700000000e-02 1.1217802297e+00
7.6800000000e-02 3.7369677969e-01
7.6900000000e-02 -5.2563639073e-01
7.7000000000e-02 -1.2217299415e+00
7.7100000000e-02 -1.4386625156e+00
7.7200000000e-02 -1.0884557463e+00
7.7300000000e-02 -3.0672516172e-01
7.7400000000e-02 5.9982843460e-01
7.7500000000e-02 1.2737595090e+00
7.7600000000e-02 1.4478278234e+00
7.7700000000e-02 1.0509727468e+00
7.7800000000e-02 2.3728648205e-01
7.7900000000e-02 -6.7381321530e-01
7.8000000000e-02 -1.3229841559e+00
7.8100000000e-02 -1.4526985098e+00
7.8200000000e-02 -1.0094069888e+00
7.8300000000e-02 -1.6559787653e-01
7.8400000000e-02 7.4731828821e-01
7.8500000000e-02 1.3691842573e+00
7.8600000000e-02 1.4531950420e+00
7.8700000000e-02 9.6385076885e-01
7.8800000000e-02 9.1887010120e-02
7.8900000000e-02 -8.2007087495e-01
7.9000000000e-02 -1.4121501885e+00
7.9100000000e-02 -1.4492542554e+00
7.9200000000e-02 -9.1441262302e-01
7.9300000000e-02 -1.6391208760e-02
7.9400000000e-02 8.9179895484e-01
7.9500000000e-02 1.4516832056e+00
7.9600000000e-02 1.4408296745e+00
7.9700000000e-02 8.6121695957e-01
7.9800000000e-02 -6.0643449859e-02
7.9900000000e-02 -9.6223235555e-01
8.0000000000e-02 -1.4875962853e+00
8.0100000000e-02 -1.4278917669e+00
8.0200000000e-02 -8.0440362728e-01
8.0300000000e-02 1.3896308287e-01
8.0400000000e-02 1.0311038386e+00
8.0500000000e-02 1.5197149178e+00
8.0600000000e-02 1.4104281295e+00
8.0700000000e-02 7.4412741995e-01
8.0800000000e-02 -2.1830698239e-01
8.0900000000e-02 -1.0981501750e+00
8.1000000000e-02 -1.5478778509e+00
8.1100000000e-02 -1.3884436051e+00
8.1200000000e-02 -6.8055751961e-01
8.1300000000e-02 2.9840862528e-01
8.1400000000e-02 1.1631132073e+00
8.1500000000e-02 1.5719377824e+00
8.1600000000e-02 1.3619603303e+00
8.1700000000e-02 6.1387688030e-01
8.1800000000e-02 -3.7899670840e-01
8.1900000000e-02 -1.2257408926e+00
8.2000000000e-02 -1.5917619971e+00
8.2100000000e-02 -1.3310177131e+00
8.2200000000e-02 -5.4428155512e-01
8.2300000000e-02 4.5979620524e-01
8.2400000000e-02 1.2857883236e+00
8.2500000000e-02 1.6072329460e+00
8.2600000000e-02 1.2956723405e+00
8.2700000000e-02 4.7197996908e-01
8.2800000000e-02 -5.4052943950e-01
8.2900000000e-02 -1.3430187220e+00
8.3000000000e-02 -1.6182487660e+00
8.3100000000e-02 -1.2559978176e+00
8.3200000000e-02 -3.9719214075e-01
8.3300000000e-02 6.2091717143e-01
8.3400000000e-02 1.3972044018e+00
8.3500000000e-02 1.6247237367e+00
8.3600000000e-02 1.2120845367e+00
8.3700000000e-02 3.2014885574e-01
8.3800000000e-02 -7.0067969241e-01
8.3900000000e-02 -1.4481276974e+00
8.4000000000e-02 -1.6265886738e+00
8.4100000000e-02 -1.1640393796e+00
8.4200000000e-02 -2.4109079545e-01
8.4300000000e-02 7.7953792332e-01
8.4400000000e-02 1.4955818527e+00
8.4500000000e-02 1.6237912558e+00
8.4600000000e-02 1.1119853518e+00
8.4700000000e-02 1.6026762446e-01
8.4800000000e-02 -8.5721451241e-01
8.4900000000e-02 -1.5393718684e+00
8.5000000000e-02 -1.6162962844e+00
8.5100000000e-02 -1.0560611528e+00
8.5200000000e-02 -7.7937040351e-02
8.5300000000e-02 9.3343492787e-01
8.5400000000e-02 1.5793153032e+00
8.5500000000e-02 1.6040858757e+00
8.5600000000e-02 9.9642068083e-01
8.5700000000e-02 -5.6362103017e-03
8.5800000000e-02 -1.0079285411e+00
8.5900000000e-02 -1.6152430262e+00
8.6000000000e-02 -1.5871595831e+00
8.6100000000e-02 -9.3323247796e-01
8.6200000000e-02 9.0181345762e-02
8.6300000000e-02 1.0804296956e+00
8.6400000000e-02 1.6469999165e+00
8.6500000000e-02 1.5655344501e+00
8.6600000000e-02 8.6667911385e-01
8.6700000000e-02 -1.7542258868e-01
8.6800000000e-02 -1.1506787586e+00
8.6900000000e-02 -1.6744455088e+00
8.7000000000e-02 -1.5392449926e+00
8.7100000000e-02 -7.9695651346e-01
8.7200000000e-02 2.6108022720e-01
8.7300000000e-02 1.2184231483e+00
8.7400000000e-02 1.6974545800e+00
8.7500000000e-02 1.5083431126e+00
8.7600000000e-02 7.2427322995e-01
8.7700000000e-02 -3.4687169328e-01
8.7800000000e-02 -1.2834183365e+00
8.7900000000e-02 -1.7159176767e+00
8.8000000000e-02 -1.4728979408e+00
8.8100000000e-02 -6.4884966622e-01
8.8200000000e-02 4.3251265396e-01
8.8300000000e-02 1.3454288187e+00
8.8400000000e-02 1.7297415799e+00
8.8500000000e-02 1.4329956110e+00
8.8600000000e-02 5.7091724801e-01
8.8700000000e-02 -5.1771811107e-01
8.8800000000e-02 -1.4042290503e+00
8.8900000000e-02 -1.7388497053e+00
8.9000000000e-02 -1.3887389663e+00
8.9100000000e-02 -4.9071755200e-01
8.9200000000e-02 6.0220350493e-01
8.9300000000e-02 1.4596043438e+00
8.9400000000e-02 1.7431824384e+00
8.9500000000e-02 1.3402471975e+00
8.9600000000e-02 4.0850139232e-01
8.9700000000e-02 -6.8568581768e-01
8.9800000000e-02 -1.5113517239e+00
8.9900000000e-02 -1.7426974012e+00
9.0000000000e-02 -1.2876554170e+00
9.0100000000e-02 -3.2452786915e-01
9.0200000000e-02 7.6788467166e-01
9.0300000000e-02 1.5592807371e+00
9.0400000000e-02 1.7373696515e+00
9.0500000000e-02 1.2311141679e+00
9.0600000000e-02 2.3906338338e-01
9.0700000000e-02 -8.4852341844e-01
9.0800000000e-02 -1.6032142116e+00
9.0900000000e-02 -1.7271918125e+00
9.1000000000e-02 -1.1707888713e+00
9.1100000000e-02 -1.5238062105e-01
9.1200000000e-02 9.2733021407e-01
9.1300000000e-02 1.6429889654e+00
9.1400000000e-02 1.7121741324e+00
9.1500000000e-02 1.1068592145e+00
9.1600000000e-02 6.4757511923e-02
9.1700000000e-02 -1.0040390762e+00
9.1800000000e-02 -1.6784564599e+00
9.1900000000e-02 -1.6923444742e+00
9.2000000000e-02 -1.0395184803e+00
9.2100000000e-02 2.3523833804e-02
9.2200000000e-02 1.0783909189e+00
9.2300000000e-02 1.7094833946e+00
9.2400000000e-02 1.6677482352e+00
9.2500000000e-02 9.6897282363e-01
9.2600000000e-02 -1.1217820625e-01
9.2700000000e-02 -1.1501345607e+00
9.2800000000e-02 -1.7359522428e+00
9.2900000000e-02 -1.6384481970e+00
9.3000000000e-02 -8.9544049502e-01
9.3100000000e-02 2.0091838974e-01
9.3200000000e-02 1.2190277019e+00
9.3300000000e-02 1.7577617244e+00
9.3400000000e-02 1.6045243058e+00
9.3500000000e-02 8.1915101587e-01
9.3600000000e-02 -2.8945626545e-01
9.3700000000e-02 -1.2848378677e+00
9.3800000000e-02 -1.7748272143e+00
9.3900000000e-02 -1.5660733847e+00
9.4000000000e-02 -7.4034430856e-01
9.4100000000e-02 3.7750391824e-01
9.4200000000e-02 1.3473433122e+00
9.4300000000e-02 1.7870810856e+00
9.4400000000e-02 1.5232087788e+00
9.4500000000e-02 6.5926978459e-01
9.4600000000e-02 -4.6477474336e-01
9.4700000000e-02 -1.4063338808e+00
9.4800000000e-02 -1.7944729843e+00
9.4900000000e-02 -1.4760599344e+00
9.5000000000e-02 -5.7618539462e-01
9.5100000000e-02 5.5098454844e-01
9.5200000000e-02 1.4616118264e+00
9.5300000000e-02 1.7969700370e+00
9.5400000000e-02 1.4247719141e+00
9.5500000000e-02 4.9135664425e-01
9.5600000000e-02 -6.3585264635e-01
9.5700000000e-02 -1.5129925776e+00
9.5800000000e-02 -1.7945569878e+00
9.5900000000e-02 -1.3695048494e+00
9.6000000000e-02 -4.0505557940e-01
9.6100000000e-02 7.1910293455e-01
9.6200000000e-02 1.5603054538e+00
9.6300000000e-02 1.7872362665e+00
9.6400000000e-02 1.3104333342e+00
9.6500000000e-02 3.1755974548e-01
9.6600000000e-02 -8.0046495650e-01
9.6700000000e-02 -1.6033943258e+00
9.6800000000e-02 -1.7750279858e+00
9.6900000000e-02 -1.2477457598e+00
9.7000000000e-02 -2.2915112454e-01
9.7100000000e-02 8.7967494088e-01
9.7200000000e-02 1.6421182193e+00
9.7300000000e-02 1.7579698692e+00
9.7400000000e-02 1.1816435957e+00
9.7500000000e-02 1.4011505462e-01
9.7600000000e-02 -9.5647681447e-01
9.7700000000e-02 -1.6763518573e+00
9.7800000000e-02 -1.7361171077e+00
9.7900000000e-02 -1.1123406182e+00
9.8000000000e-02 -5.0739135725e-02
9.8100000000e-02 1.0306231845e+00
9.8200000000e-02 1.7059861412e+00
9.8300000000e-02 1.7095421489e+00
9.8400000000e-02 1.0400620902e+00
9.8500000000e-02 -3.8687873182e-02
9.8600000000e-02 -1.1018762864e+00
9.8700000000e-02 -1.7309285672e+00
9.8800000000e-02 -1.6783344162e+00
9.8900000000e-02 -9.6504389525e-01
9.9000000000e-02 1.2787716168e-01
9.9100000000e-02 1.1700088938e+00
9.9200000000e-02 1.7511035766e+00
9.9300000000e-02 1.6425999613e+00
9.9400000000e-02 8.8753163021e-01
9.9500000000e-02 -2.1654097550e-01
9.9600000000e-02 -1.2348051861e+00
9.9700000000e-02 -1.7664528398e+00
9.9800000000e-02 -1.6024610512e+00
9.9900000000e-02 -8.0777965884e-01
