# Time(s) Signal
0.0000000000e+00 -4.2081942302e-01
1.0000000000e-04 8.8902331111e-01
2.0000000000e-04 1.6992900030e+00
3.0000000000e-04 1.7217392609e+00
4.0000000000e-04 6.7793783930e-01
5.0000000000e-04 5.8626112991e-02
6.0000000000e-04 -1.3951949774e+00
7.0000000000e-04 -1.3521083927e+00
8.0000000000e-04 -1.7202307139e+00
9.0000000000e-04 -6.9274273285e-01
1.0000000000e-03 4.3084023755e-01
1.1000000000e-03 1.2126211719e+00
1.2000000000e-03 1.5944472283e+00
1.3000000000e-03 1.3003320711e+00
1.4000000000e-03 5.3170647823e-01
1.5000000000e-03 -1.2951456605e-01
1.6000000000e-03 -7.8103282621e-01
1.7000000000e-03 -1.7037940663e+00
1.8000000000e-03 -1.8158203278e+00
1.9000000000e-03 -6.4921092621e-01
2.0000000000e-03 2.9790117926e-01
2.1000000000e-03 8.2874226881e-01
2.2000000000e-03 1.9403668361e+00
2.3000000000e-03 1.6026742665e+00
2.4000000000e-03 6.4152677149e-01
2.5000000000e-03 -7.5800915090e-01
2.6000000000e-03 -1.5018639753e+00
2.7000000000e-03 -1.5851837836e+00
2.8000000000e-03 -1.3622046856e+00
2.9000000000e-03 -3.5260347429e-01
3.0000000000e-03 -1.0735871726e-01
3.1000000000e-03 1.4612402000e+00
3.2000000000e-03 1.7826898123e+00
3.3000000000e-03 2.0174540045e+00
3.4000000000e-03 2.7022726503e-01
3.5000000000e-03 -7.8316960313e-01
3.6000000000e-03 -1.6937834840e+00
3.7000000000e-03 -1.9885458963e+00
3.8000000000e-03 -1.3643325133e+00
3.9000000000e-03 -7.8844415785e-01
4.0000000000e-03 5.0717360076e-01
4.1000000000e-03 1.4447918374e+00
4.2000000000e-03 1.4069774093e+00
4.3000000000e-03 9.9414053409e-01
4.4000000000e-03 8.2291086806e-02
4.5000000000e-03 -3.1383839944e-01
4.6000000000e-03 -1.5864379862e+00
4.7000000000e-03 -1.8738479065e+00
4.8000000000e-03 -1.4128118595e+00
4.9000000000e-03 -6.5884346279e-01
5.0000000000e-03 1.1490711738e+00
5.1000000000e-03 2.0153544385e+00
5.2000000000e-03 1.6518108100e+00
5.3000000000e-03 1.2946782912e+00
5.4000000000e-03 3.8889575643e-01
5.5000000000e-03 -1.0648652850e+00
5.6000000000e-03 -1.3739253961e+00
5.7000000000e-03 -1.4574707492e+00
5.8000000000e-03 -6.1944202606e-01
5.9000000000e-03 -4.0411548561e-01
6.0000000000e-03 3.2685202681e-01
6.1000000000e-03 2.2234866685e+00
6.2000000000e-03 1.5715988938e+00
6.3000000000e-03 7.3215443037e-01
6.4000000000e-03 2.3116334834e-01
6.5000000000e-03 -1.0043238227e+00
6.6000000000e-03 -1.8894418758e+00
6.7000000000e-03 -2.0990153505e+00
6.8000000000e-03 -8.2061384219e-01
6.9000000000e-03 5.6637559359e-01
7.0000000000e-03 9.9716507785e-01
7.1000000000e-03 1.7977029583e+00
7.2000000000e-03 1.9685800639e+00
7.3000000000e-03 8.9251175409e-01
7.4000000000e-03 8.4757204944e-02
7.5000000000e-03 -7.9796499792e-01
7.6000000000e-03 -1.8598566007e+00
7.7000000000e-03 -2.0186057723e+00
7.8000000000e-03 -4.7283327146e-01
7.9000000000e-03 -1.9051247547e-01
8.0000000000e-03 9.4362943464e-01
8.1000000000e-03 2.0214454533e+00
8.2000000000e-03 1.4423033914e+00
8.3000000000e-03 1.2620253283e+00
8.4000000000e-03 -6.0251129734e-01
8.5000000000e-03 -1.5283177849e+00
8.6000000000e-03 -2.4330666845e+00
8.7000000000e-03 -1.8970461986e+00
8.8000000000e-03 -7.5655120286e-01
8.9000000000e-03 8.7476411648e-01
9.0000000000e-03 1.1075540788e+00
9.1000000000e-03 2.1681578396e+00
9.2000000000e-03 1.7925368414e+00
9.3000000000e-03 1.2756987661e-02
9.4000000000e-03 -5.7506968115e-01
9.5000000000e-03 -1.8378865479e+00
9.6000000000e-03 -1.8739765542e+00
9.7000000000e-03 -8.9379857280e-01
9.8000000000e-03 -1.1643367863e+00
9.9000000000e-03 2.2047120058e-01
1.0000000000e-02 1.3007200245e+00
1.0100000000e-02 1.8882038469e+00
1.0200000000e-02 7.9007453579e-01
1.0300000000e-02 5.5936332001e-01
1.0400000000e-02 -8.9859565986e-01
1.0500000000e-02 -1.7106835008e+00
1.0600000000e-02 -1.8459837666e+00
1.0700000000e-02 -1.2995423526e+00
1.0800000000e-02 -2.7742191243e-01
1.0900000000e-02 1.0968400303e-01
1.1000000000e-02 1.8314855309e+00
1.1100000000e-02 1.7748515479e+00
1.1200000000e-02 1.3858032916e+00
1.1300000000e-02 2.8163219935e-01
1.1400000000e-02 -6.7775715168e-01
1.1500000000e-02 -1.5533314539e+00
1.1600000000e-02 -1.8068216337e+00
1.1700000000e-02 -1.1508454965e+00
1.1800000000e-02 -2.5676064358e-01
1.1900000000e-02 3.3549646138e-01
1.2000000000e-02 1.3232478237e+00
1.2100000000e-02 1.8667711766e+00
1.2200000000e-02 1.0396643709e+00
1.2300000000e-02 2.0138380810e-01
1.2400000000e-02 -6.2086794206e-01
1.2500000000e-02 -2.0386014939e+00
1.2600000000e-02 -1.4642059873e+00
1.2700000000e-02 -1.1530498874e+00
1.2800000000e-02 -3.2142262401e-01
1.2900000000e-02 7.7683392958e-01
1.3000000000e-02 1.4215626588e+00
1.3100000000e-02 1.2789535049e+00
1.3200000000e-02 1.3080171599e+00
1.3300000000e-02 -4.0109375083e-01
1.3400000000e-02 -4.8445461444e-01
1.3500000000e-02 -1.6668402543e+00
1.3600000000e-02 -1.5400530619e+00
1.3700000000e-02 -8.8134469769e-01
1.3800000000e-02 3.1703885187e-01
1.3900000000e-02 1.3756296801e+00
1.4000000000e-02 1.7007813830e+00
1.4100000000e-02 1.5595539895e+00
1.4200000000e-02 2.8964467424e-01
1.4300000000e-02 -3.3342347155e-01
1.4400000000e-02 -9.5985278887e-01
1.4500000000e-02 -2.0529332202e+00
1.4600000000e-02 -1.2018585198e+00
1.4700000000e-02 -1.0863149682e+00
1.4800000000e-02 4.6250715134e-01
1.4900000000e-02 8.2088494111e-01
1.5000000000e-02 1.8075159880e+00
1.5100000000e-02 9.5258073585e-01
1.5200000000e-02 3.9343635462e-01
1.5300000000e-02 -6.0742886847e-01
1.5400000000e-02 -1.3619683582e+00
1.5500000000e-02 -1.9074548787e+00
1.5600000000e-02 -1.5524925568e+00
1.5700000000e-02 -1.4060315805e-01
1.5800000000e-02 8.3365727535e-01
1.5900000000e-02 1.6480818986e+00
1.6000000000e-02 1.4495804994e+00
1.6100000000e-02 1.1436763918e+00
1.6200000000e-02 2.1326217923e-01
1.6300000000e-02 -1.2237955983e+00
1.6400000000e-02 -1.5203029991e+00
1.6500000000e-02 -1.3322156698e+00
1.6600000000e-02 -8.2215563203e-01
1.6700000000e-02 -3.8628259096e-01
1.6800000000e-02 -2.7814694852e-02
1.6900000000e-02 1.5452815909e+00
1.7000000000e-02 1.5536343851e+00
1.7100000000e-02 8.8480591665e-01
1.7200000000e-02 4.8498503124e-01
1.7300000000e-02 -5.0645573747e-01
1.7400000000e-02 -1.3746608671e+00
1.7500000000e-02 -1.4862660831e+00
1.7600000000e-02 -8.4056537754e-01
1.7700000000e-02 -2.1901394171e-01
1.7800000000e-02 8.1483242016e-01
1.7900000000e-02 1.1508197608e+00
1.8000000000e-02 1.3590071663e+00
1.8100000000e-02 6.2889701798e-01
1.8200000000e-02 -5.6644325066e-02
1.8300000000e-02 -6.4239336184e-01
1.8400000000e-02 -1.5993153132e+00
1.8500000000e-02 -1.4559369849e+00
1.8600000000e-02 -9.0158227673e-01
1.8700000000e-02 -1.8300655728e-02
1.8800000000e-02 1.2153385597e+00
1.8900000000e-02 1.3561699548e+00
1.9000000000e-02 1.1196091816e+00
1.9100000000e-02 3.5819233559e-01
1.9200000000e-02 -2.0051880288e-02
1.9300000000e-02 -8.3781427551e-01
1.9400000000e-02 -9.7600274132e-01
1.9500000000e-02 -1.7096861028e+00
1.9600000000e-02 -5.1862557571e-01
1.9700000000e-02 -5.4959097206e-02
1.9800000000e-02 4.9586616435e-01
1.9900000000e-02 2.2508592316e+00
2.0000000000e-02 9.2986266175e-01
2.0100000000e-02 6.2737396524e-01
2.0200000000e-02 -3.0448780025e-01
2.0300000000e-02 -9.9399131694e-01
2.0400000000e-02 -1.9112214916e+00
2.0500000000e-02 -1.8370439039e+00
2.0600000000e-02 -6.8571965363e-01
2.0700000000e-02 2.5569727367e-01
2.0800000000e-02 1.2682682420e+00
2.0900000000e-02 1.2881261843e+00
2.1000000000e-02 1.1164961603e+00
2.1100000000e-02 1.0687205940e+00
2.1200000000e-02 -3.0849507850e-01
2.1300000000e-02 -5.1645373215e-01
2.1400000000e-02 -1.4894878088e+00
2.1500000000e-02 -1.3573635139e+00
2.1600000000e-02 -9.7690696602e-01
2.1700000000e-02 -1.5464700204e-01
2.1800000000e-02 9.4568041049e-01
2.1900000000e-02 1.4044617475e+00
2.2000000000e-02 1.5732365252e+00
2.2100000000e-02 3.8192615475e-01
2.2200000000e-02 -4.9520557812e-01
2.2300000000e-02 -1.0892375248e+00
2.2400000000e-02 -1.9621261059e+00
2.2500000000e-02 -2.8983046146e-01
2.2600000000e-02 -7.0993558287e-02
2.2700000000e-02 -8.8591157185e-02
2.2800000000e-02 1.0582223946e+00
2.2900000000e-02 1.5826197342e+00
2.3000000000e-02 1.1604645918e+00
2.3100000000e-02 -2.0717367658e-02
2.3200000000e-02 -7.0387672724e-01
2.3300000000e-02 -1.2145102723e+00
2.3400000000e-02 -9.7197610127e-01
2.3500000000e-02 -1.1390453716e+00
2.3600000000e-02 -2.7468694021e-01
2.3700000000e-02 8.2926492742e-01
2.3800000000e-02 1.4068049141e+00
2.3900000000e-02 1.1679287380e+00
2.4000000000e-02 7.8266749087e-01
2.4100000000e-02 4.6586592425e-01
2.4200000000e-02 -1.9013138322e-01
2.4300000000e-02 -9.4383461698e-01
2.4400000000e-02 -8.4801681755e-01
2.4500000000e-02 -6.3945548150e-01
2.4600000000e-02 2.0467967018e-01
2.4700000000e-02 7.0780317513e-01
2.4800000000e-02 1.1694700706e+00
2.4900000000e-02 1.0926295162e+00
2.5000000000e-02 1.3134501433e+00
2.5100000000e-02 -3.4724107631e-01
2.5200000000e-02 -1.0207771757e+00
2.5300000000e-02 -6.8760526641e-01
2.5400000000e-02 -7.8887883206e-01
2.5500000000e-02 -2.3769118415e-01
2.5600000000e-02 3.0087146005e-02
2.5700000000e-02 1.0261583582e+00
2.5800000000e-02 8.9125844192e-01
2.5900000000e-02 1.1686505323e+00
2.6000000000e-02 1.2532219775e+00
2.6100000000e-02 6.6265380744e-02
2.6200000000e-02 -7.8004531885e-01
2.6300000000e-02 -1.0421431267e+00
2.6400000000e-02 -1.2737524171e+00
2.6500000000e-02 -3.2724662202e-01
2.6600000000e-02 3.1445888817e-01
2.6700000000e-02 8.4430080663e-01
2.6800000000e-02 5.6825637208e-01
2.6900000000e-02 1.5081620901e+00
2.7000000000e-02 2.4472825341e-01
2.7100000000e-02 -8.3151036142e-02
2.7200000000e-02 -6.5318984927e-01
2.7300000000e-02 -2.0483713448e+00
2.7400000000e-02 -1.1401128257e+00
2.7500000000e-02 -2.4913645016e-01
2.7600000000e-02 6.4340781899e-02
2.7700000000e-02 9.6810575990e-01
2.7800000000e-02 9.8482771630e-01
2.7900000000e-02 9.2125968753e-01
2.8000000000e-02 1.9176077831e-01
2.8100000000e-02 -8.0497922305e-01
2.8200000000e-02 -6.4982635637e-01
2.8300000000e-02 -6.0715980226e-01
2.8400000000e-02 -1.2601300490e+00
2.8500000000e-02 -4.6741819531e-01
2.8600000000e-02 1.7364326102e-01
2.8700000000e-02 4.1452743460e-01
2.8800000000e-02 9.6689263969e-01
2.8900000000e-02 1.5588601622e+00
2.9000000000e-02 2.2077376629e-01
2.9100000000e-02 -3.7227797834e-01
2.9200000000e-02 -9.4075609258e-01
2.9300000000e-02 -8.9804192685e-01
2.9400000000e-02 -7.0264083564e-01
2.9500000000e-02 -1.5277065193e-01
2.9600000000e-02 5.4547046296e-01
2.9700000000e-02 9.2256910085e-01
2.9800000000e-02 1.1645564295e+00
2.9900000000e-02 8.5472533083e-01
3.0000000000e-02 2.8331370089e-01
3.0100000000e-02 -1.2561943730e+00
3.0200000000e-02 -1.2609008745e+00
3.0300000000e-02 -1.3214305816e+00
3.0400000000e-02 -8.4246260808e-01
3.0500000000e-02 2.9431976532e-01
3.0600000000e-02 6.7336942684e-01
3.0700000000e-02 5.2470719586e-01
3.0800000000e-02 7.5634852220e-01
3.0900000000e-02 8.0617056837e-01
3.1000000000e-02 2.0615089121e-02
3.1100000000e-02 -3.7613832037e-01
3.1200000000e-02 -1.4233854386e+00
3.1300000000e-02 -1.3741763558e+00
3.1400000000e-02 -7.6882325560e-01
3.1500000000e-02 5.5506160355e-01
3.1600000000e-02 7.8742715105e-01
3.1700000000e-02 8.6614887286e-01
3.1800000000e-02 7.4100266255e-01
3.1900000000e-02 1.7798947866e-01
3.2000000000e-02 1.0436992729e-01
3.2100000000e-02 -1.0661544697e+00
3.2200000000e-02 -1.3827196369e-01
3.2300000000e-02 -8.5231796073e-01
3.2400000000e-02 -4.5119878606e-01
3.2500000000e-02 9.4491146901e-03
3.2600000000e-02 7.9865392292e-01
3.2700000000e-02 7.0143924466e-01
3.2800000000e-02 5.5632064313e-01
3.2900000000e-02 4.1482111566e-01
3.3000000000e-02 -2.3670300137e-02
3.3100000000e-02 -5.4298067244e-01
3.3200000000e-02 -6.2288808254e-01
3.3300000000e-02 -6.1672308856e-01
3.3400000000e-02 -2.5957348483e-01
3.3500000000e-02 7.4193044060e-01
3.3600000000e-02 1.4847550541e+00
3.3700000000e-02 7.3951832393e-01
3.3800000000e-02 3.7208979723e-01
3.3900000000e-02 7.7325843347e-01
3.4000000000e-02 -6.4319667673e-01
3.4100000000e-02 -4.3724063059e-01
3.4200000000e-02 -7.2453740604e-01
3.4300000000e-02 -4.4657431837e-01
3.4400000000e-02 -2.5542497866e-01
3.4500000000e-02 6.9493593248e-02
3.4600000000e-02 8.3455522908e-01
3.4700000000e-02 5.8850408842e-01
3.4800000000e-02 3.0607870174e-01
3.4900000000e-02 4.2992236238e-01
3.5000000000e-02 -3.7255050665e-01
3.5100000000e-02 -8.4266947273e-01
3.5200000000e-02 -8.8769346568e-01
3.5300000000e-02 -5.8302742351e-01
3.5400000000e-02 3.5201473907e-01
3.5500000000e-02 -2.9815669820e-02
3.5600000000e-02 8.2041599247e-01
3.5700000000e-02 5.3400692064e-01
3.5800000000e-02 1.2274069157e+00
3.5900000000e-02 4.4340874089e-01
3.6000000000e-02 -3.1864807696e-01
3.6100000000e-02 -5.2705034817e-01
3.6200000000e-02 -3.1338723451e-01
3.6300000000e-02 -1.7858347571e-01
3.6400000000e-02 -3.3501374150e-01
3.6500000000e-02 4.9133461421e-01
3.6600000000e-02 6.3292470824e-01
3.6700000000e-02 -3.4975870123e-01
3.6800000000e-02 6.7081012702e-01
3.6900000000e-02 -1.4511675023e-01
3.7000000000e-02 -6.6102947785e-01
3.7100000000e-02 -5.3057896244e-01
3.7200000000e-02 -5.1313459183e-01
3.7300000000e-02 -5.0499704253e-01
3.7400000000e-02 2.1450809624e-01
3.7500000000e-02 8.5956847040e-01
3.7600000000e-02 5.1741376878e-01
3.7700000000e-02 7.3473292888e-01
3.7800000000e-02 1.9215434722e-01
3.7900000000e-02 -2.4056589172e-01
3.8000000000e-02 -6.7273106568e-01
3.8100000000e-02 -4.4735976032e-01
3.8200000000e-02 -5.3688878023e-01
3.8300000000e-02 -6.0561868578e-03
3.8400000000e-02 1.1445614568e-01
3.8500000000e-02 6.5407822622e-01
3.8600000000e-02 1.8999244448e-02
3.8700000000e-02 2.7667066590e-01
3.8800000000e-02 2.0356909336e-01
3.8900000000e-02 -3.9044411610e-01
3.9000000000e-02 -3.1764003305e-01
3.9100000000e-02 -5.4262153869e-01
3.9200000000e-02 -7.3113909641e-01
3.9300000000e-02 -2.8022984916e-01
3.9400000000e-02 7.4747669279e-02
3.9500000000e-02 -5.6996887459e-02
3.9600000000e-02 8.7161741064e-01
3.9700000000e-02 -6.9582479103e-02
3.9800000000e-02 -3.0065945683e-01
3.9900000000e-02 -4.6789239222e-01
4.0000000000e-02 -1.1589212833e+00
4.0100000000e-02 -8.9282180285e-01
4.0200000000e-02 4.7623696379e-02
4.0300000000e-02 -4.9383648987e-01
4.0400000000e-02 1.0142602226e-01
4.0500000000e-02 3.6305320331e-01
4.0600000000e-02 5.8853695854e-01
4.0700000000e-02 3.8097023028e-01
4.0800000000e-02 4.6617954024e-01
4.0900000000e-02 -2.7648596438e-02
4.1000000000e-02 1.2979650772e-02
4.1100000000e-02 -3.8205924106e-01
4.1200000000e-02 -2.4633936329e-01
4.1300000000e-02 1.4764981122e-01
4.1400000000e-02 1.5327877476e-01
4.1500000000e-02 2.1711113141e-01
4.1600000000e-02 1.0257993141e+00
4.1700000000e-02 -1.6336602487e-01
4.1800000000e-02 3.4983546001e-01
4.1900000000e-02 -1.9231788992e-01
4.2000000000e-02 -1.6409870730e-01
4.2100000000e-02 1.3257295743e-01
4.2200000000e-02 2.4275915967e-01
4.2300000000e-02 -6.0365170643e-02
4.2400000000e-02 3.2584738762e-01
4.2500000000e-02 7.4599748216e-01
4.2600000000e-02 4.7625174578e-01
4.2700000000e-02 1.1997330705e-01
4.2800000000e-02 -8.0819185649e-02
4.2900000000e-02 -5.2910753628e-01
4.3000000000e-02 -1.2849794545e-01
4.3100000000e-02 -1.3490294437e-01
4.3200000000e-02 -3.7885466732e-01
4.3300000000e-02 2.4422004199e-01
4.3400000000e-02 7.7489751509e-01
4.3500000000e-02 1.0871181994e-01
4.3600000000e-02 3.4816023269e-01
4.3700000000e-02 8.7017689308e-01
4.3800000000e-02 -7.6389333839e-01
4.3900000000e-02 -3.5720844294e-01
4.4000000000e-02 -7.6576538276e-01
4.4100000000e-02 -4.3664146118e-01
4.4200000000e-02 -2.6046823101e-01
4.4300000000e-02 -3.2601226381e-01
4.4400000000e-02 1.4849052418e-01
4.4500000000e-02 -1.7255004520e-01
4.4600000000e-02 1.4915655154e-01
4.4700000000e-02 3.4588037857e-01
4.4800000000e-02 -9.0997237341e-01
4.4900000000e-02 -6.6011580339e-01
4.5000000000e-02 -2.6089534973e-01
4.5100000000e-02 -2.4176492961e-01
4.5200000000e-02 -1.2573077432e-01
4.5300000000e-02 1.5985468853e-01
4.5400000000e-02 7.1189573699e-01
4.5500000000e-02 2.0280135245e-01
4.5600000000e-02 4.9237876991e-01
4.5700000000e-02 -1.8448335908e-01
4.5800000000e-02 -1.8560503316e-01
4.5900000000e-02 1.6620810727e-01
4.6000000000e-02 -5.5203842862e-01
4.6100000000e-02 2.1830302488e-01
4.6200000000e-02 -1.5770645933e-01
4.6300000000e-02 1.7832253677e-01
4.6400000000e-02 3.2001112052e-01
4.6500000000e-02 3.2050491612e-01
4.6600000000e-02 2.1334326253e-01
4.6700000000e-02 6.5268052900e-01
4.6800000000e-02 5.9407693980e-02
4.6900000000e-02 -2.1582410170e-01
4.7000000000e-02 1.9684804717e-01
4.7100000000e-02 2.3297793978e-01
4.7200000000e-02 -6.6238836634e-02
4.7300000000e-02 -2.2885059403e-01
4.7400000000e-02 1.4389515569e-01
4.7500000000e-02 -3.8114187699e-01
4.7600000000e-02 -2.4364214805e-01
4.7700000000e-02 1.8633906786e-02
4.7800000000e-02 -1.8615728162e-01
4.7900000000e-02 4.4345095159e-02
4.8000000000e-02 -4.4334325257e-01
4.8100000000e-02 -7.8678853495e-03
4.8200000000e-02 -3.0096773891e-01
4.8300000000e-02 1.1860160935e-02
4.8400000000e-02 3.2003416941e-01
4.8500000000e-02 -1.9650249162e-01
4.8600000000e-02 -8.7476458368e-02
4.8700000000e-02 -1.3808423543e-01
4.8800000000e-02 -4.4579267570e-01
4.8900000000e-02 -4.1680543787e-01
4.9000000000e-02 -5.0466544675e-01
4.9100000000e-02 6.1271996000e-01
4.9200000000e-02 -1.3813562160e-02
4.9300000000e-02 2.0238242878e-02
4.9400000000e-02 5.4444025703e-01
4.9500000000e-02 -7.1602592307e-02
4.9600000000e-02 -3.9284441709e-01
4.9700000000e-02 -4.6805629210e-01
4.9800000000e-02 -8.9283878530e-02
4.9900000000e-02 -4.2582018505e-01
5.0000000000e-02 1.2555725446e-01
5.0100000000e-02 4.8063078241e-02
5.0200000000e-02 4.8232073863e-02
5.0300000000e-02 4.9050271030e-01
5.0400000000e-02 -6.5662882023e-01
5.0500000000e-02 2.8848145069e-01
5.0600000000e-02 -2.8672109679e-01
5.0700000000e-02 -4.2183566884e-01
5.0800000000e-02 -2.9279140709e-01
5.0900000000e-02 1.1585344036e-01
5.1000000000e-02 -2.7878504882e-02
5.1100000000e-02 -1.8405070452e-01
5.1200000000e-02 4.1334470634e-01
5.1300000000e-02 6.9672871430e-01
5.1400000000e-02 -2.7229294662e-01
5.1500000000e-02 -7.0020763149e-01
5.1600000000e-02 -1.9137040649e-01
5.1700000000e-02 -2.6381595760e-01
5.1800000000e-02 -4.4648575242e-01
5.1900000000e-02 1.6693452902e-01
5.2000000000e-02 1.3459133484e-01
5.2100000000e-02 3.8786813192e-01
5.2200000000e-02 1.6544024619e-01
5.2300000000e-02 6.6722518767e-03
5.2400000000e-02 1.4344190183e-01
5.2500000000e-02 -5.4830707165e-01
5.2600000000e-02 -9.3377616404e-01
5.2700000000e-02 -6.1027245796e-01
5.2800000000e-02 1.0667017927e-01
5.2900000000e-02 -8.5258400928e-03
5.3000000000e-02 5.9463876526e-01
5.3100000000e-02 4.4536483957e-01
5.3200000000e-02 4.2112948560e-01
5.3300000000e-02 1.6333550675e-01
5.3400000000e-02 -4.1887342383e-01
5.3500000000e-02 -4.7383386409e-01
5.3600000000e-02 -6.3932524399e-02
5.3700000000e-02 -3.1384929140e-01
5.3800000000e-02 -2.9344424758e-01
5.3900000000e-02 2.4092279324e-01
5.4000000000e-02 1.3915641194e-01
5.4100000000e-02 -1.9169335923e-01
5.4200000000e-02 -6.0228307588e-02
5.4300000000e-02 -2.5941301848e-01
5.4400000000e-02 -5.6300243042e-02
5.4500000000e-02 -7.3924954372e-02
5.4600000000e-02 -2.1150090153e-01
5.4700000000e-02 -4.7454122957e-01
5.4800000000e-02 7.3503818422e-01
5.4900000000e-02 4.2948773278e-01
5.5000000000e-02 4.1627914923e-01
5.5100000000e-02 9.6364583134e-02
5.5200000000e-02 -1.9704057765e-01
5.5300000000e-02 -2.1882628182e-02
5.5400000000e-02 -6.3282759905e-01
5.5500000000e-02 -4.8294240929e-01
5.5600000000e-02 -4.5115743620e-01
5.5700000000e-02 2.9337497462e-02
5.5800000000e-02 2.1077306021e-01
5.5900000000e-02 6.4433550736e-01
5.6000000000e-02 5.8507488646e-01
5.6100000000e-02 2.0959438773e-01
5.6200000000e-02 4.4038485690e-01
5.6300000000e-02 -4.0940752635e-01
5.6400000000e-02 -3.4768242707e-01
5.6500000000e-02 -1.1261953835e-01
5.6600000000e-02 -2.3135751858e-01
5.6700000000e-02 7.5158505443e-01
5.6800000000e-02 -1.5539683934e-01
5.6900000000e-02 4.7281180970e-01
5.7000000000e-02 2.1979878829e-01
5.7100000000e-02 2.8108367060e-01
5.7200000000e-02 -1.0765020500e-01
5.7300000000e-02 -4.2116253173e-01
5.7400000000e-02 -3.8590109972e-01
5.7500000000e-02 -5.7263060515e-01
5.7600000000e-02 -5.6958261467e-02
5.7700000000e-02 2.2335793432e-01
5.7800000000e-02 4.5748746435e-01
5.7900000000e-02 5.4862222434e-01
5.8000000000e-02 5.3016360860e-01
5.8100000000e-02 7.4139447563e-01
5.8200000000e-02 -1.3165885792e-01
5.8300000000e-02 -1.0484735316e+00
5.8400000000e-02 -2.9208020164e-01
5.8500000000e-02 -1.7378492250e-01
5.8600000000e-02 -4.5548481489e-02
5.8700000000e-02 6.1234235599e-01
5.8800000000e-02 1.0147836939e+00
5.8900000000e-02 6.0413031472e-01
5.9000000000e-02 8.5796049544e-01
5.9100000000e-02 -1.5720661589e-01
5.9200000000e-02 -1.5261250490e-02
5.9300000000e-02 -2.9394789458e-01
5.9400000000e-02 -1.1170027147e+00
5.9500000000e-02 -1.3897486039e+00
5.9600000000e-02 -4.2539865834e-02
5.9700000000e-02 1.9537422856e-01
5.9800000000e-02 5.2724718769e-01
5.9900000000e-02 6.8452320753e-01
6.0000000000e-02 3.5852751071e-01
6.0100000000e-02 -1.2549845222e-01
6.0200000000e-02 -7.3682369333e-01
6.0300000000e-02 -2.9526154947e-01
6.0400000000e-02 -1.0909045220e+00
6.0500000000e-02 -2.1930937764e-01
6.0600000000e-02 -3.8968451081e-01
6.0700000000e-02 4.3440879030e-01
6.0800000000e-02 7.8548392326e-01
6.0900000000e-02 6.5560307246e-01
6.1000000000e-02 1.6593797274e-01
6.1100000000e-02 -1.7889568340e-01
6.1200000000e-02 -4.2854240366e-01
6.1300000000e-02 -7.5438310172e-02
6.1400000000e-02 -5.9915934341e-01
6.1500000000e-02 -2.5864221359e-01
6.1600000000e-02 3.3958212640e-01
6.1700000000e-02 6.4516031823e-01
6.1800000000e-02 1.1802276114e+00
6.1900000000e-02 8.4969953165e-01
6.2000000000e-02 7.4639371838e-01
6.2100000000e-02 2.2440373642e-01
6.2200000000e-02 -3.9994976631e-01
6.2300000000e-02 -3.4289044013e-01
6.2400000000e-02 -5.0339887723e-01
6.2500000000e-02 -3.5754402017e-01
6.2600000000e-02 4.0285495167e-01
6.2700000000e-02 3.7301214051e-01
6.2800000000e-02 8.0447412718e-01
6.2900000000e-02 2.6645936142e-01
6.3000000000e-02 1.2560128476e-02
6.3100000000e-02 1.4661558885e-01
6.3200000000e-02 -3.1507296139e-01
6.3300000000e-02 -8.0765507982e-01
6.3400000000e-02 -9.6001306302e-01
6.3500000000e-02 -2.5623440488e-02
6.3600000000e-02 2.8023670682e-01
6.3700000000e-02 5.2891664074e-01
6.3800000000e-02 1.1390682221e+00
6.3900000000e-02 6.3837338369e-01
6.4000000000e-02 1.3287647042e-01
6.4100000000e-02 -9.9341841241e-01
6.4200000000e-02 -7.8443813608e-01
6.4300000000e-02 -9.6882913000e-01
6.4400000000e-02 -1.0492719655e+00
6.4500000000e-02 -2.6917394307e-02
6.4600000000e-02 1.4636970071e-01
6.4700000000e-02 7.0423204595e-01
6.4800000000e-02 1.2966956440e+00
6.4900000000e-02 6.2754702429e-01
6.5000000000e-02 3.3588454734e-01
6.5100000000e-02 -4.2402046858e-01
6.5200000000e-02 -7.9863723768e-01
6.5300000000e-02 -9.5133228684e-01
6.5400000000e-02 -5.1820482400e-01
6.5500000000e-02 -2.5026325412e-01
6.5600000000e-02 5.5002129882e-01
6.5700000000e-02 1.1309294280e+00
6.5800000000e-02 9.0456096636e-01
6.5900000000e-02 6.1775639614e-02
6.6000000000e-02 3.7643105334e-01
6.6100000000e-02 -6.9333409310e-01
6.6200000000e-02 -6.6072825104e-01
6.6300000000e-02 -8.7482471153e-01
6.6400000000e-02 -9.1702901113e-01
6.6500000000e-02 3.2758037956e-01
6.6600000000e-02 9.4100098329e-01
6.6700000000e-02 6.9055970998e-01
6.6800000000e-02 7.1986560478e-01
6.6900000000e-02 9.4266873507e-01
6.7000000000e-02 1.1872908461e-01
6.7100000000e-02 -5.9427624114e-01
6.7200000000e-02 -1.2525758783e+00
6.7300000000e-02 -1.2454175164e+00
6.7400000000e-02 -8.0760292264e-01
6.7500000000e-02 5.7133070225e-01
6.7600000000e-02 5.0620751097e-01
6.7700000000e-02 7.2060989010e-01
6.7800000000e-02 7.5325612114e-01
6.7900000000e-02 6.8865072335e-01
6.8000000000e-02 -4.9623522158e-01
6.8100000000e-02 -1.2549724778e+00
6.8200000000e-02 -8.8532675875e-01
6.8300000000e-02 -8.7390094238e-01
6.8400000000e-02 -3.4537933105e-01
6.8500000000e-02 3.5114994195e-01
6.8600000000e-02 6.0139323289e-01
6.8700000000e-02 8.6452284298e-01
6.8800000000e-02 7.9375189552e-01
6.8900000000e-02 6.8620952645e-01
6.9000000000e-02 -3.2764798068e-01
6.9100000000e-02 -9.5509264013e-01
6.9200000000e-02 -9.2765359011e-01
6.9300000000e-02 -6.9280524995e-01
6.9400000000e-02 -5.3857200285e-01
6.9500000000e-02 3.3705047381e-01
6.9600000000e-02 3.2060234414e-01
6.9700000000e-02 8.5232696600e-01
6.9800000000e-02 1.5243778682e+00
6.9900000000e-02 5.2613590165e-01
7.0000000000e-02 9.9099844558e-02
7.0100000000e-02 -5.9945714069e-01
7.0200000000e-02 -1.0084061441e+00
7.0300000000e-02 -6.0466888341e-01
7.0400000000e-02 -1.2893215705e-01
7.0500000000e-02 4.2244568753e-01
7.0600000000e-02 7.5373089431e-01
7.0700000000e-02 1.6436241490e+00
7.0800000000e-02 9.0865869552e-01
7.0900000000e-02 2.2338224628e-02
7.1000000000e-02 -2.6263315947e-01
7.1100000000e-02 -7.5749544202e-01
7.1200000000e-02 -9.9043200481e-01
7.1300000000e-02 -6.0741455678e-01
7.1400000000e-02 -6.0605824168e-02
7.1500000000e-02 1.1506165112e+00
7.1600000000e-02 1.0594819209e+00
7.1700000000e-02 1.5327739218e+00
7.1800000000e-02 9.9752696090e-01
7.1900000000e-02 -4.8334558486e-02
7.2000000000e-02 -8.6841838220e-01
7.2100000000e-02 -1.1921141269e+00
7.2200000000e-02 -1.8203081514e+00
7.2300000000e-02 -7.7190842842e-01
7.2400000000e-02 1.0082336515e-01
7.2500000000e-02 7.0686415227e-01
7.2600000000e-02 1.1537670714e+00
7.2700000000e-02 1.4039851517e+00
7.2800000000e-02 8.8103849072e-01
7.2900000000e-02 -1.2554133902e-01
7.3000000000e-02 -2.3696603515e-02
7.3100000000e-02 -7.5481022842e-01
7.3200000000e-02 -1.0271720266e+00
7.3300000000e-02 -1.0924594983e+00
7.3400000000e-02 9.8133651789e-01
7.3500000000e-02 2.2505126285e-01
7.3600000000e-02 1.1613692907e+00
7.3700000000e-02 1.3040232386e+00
7.3800000000e-02 7.3249840741e-01
7.3900000000e-02 -2.2703285687e-01
7.4000000000e-02 -7.1554753255e-01
7.4100000000e-02 -1.4051066023e+00
7.4200000000e-02 -9.5567587696e-01
7.4300000000e-02 -6.0169135996e-01
7.4400000000e-02 9.7001912380e-02
7.4500000000e-02 8.5258917281e-01
7.4600000000e-02 1.1794111224e+00
7.4700000000e-02 1.4718627983e+00
7.4800000000e-02 4.5402240506e-01
7.4900000000e-02 -1.0955329931e-01
7.5000000000e-02 -9.1003954061e-01
7.5100000000e-02 -1.4232292961e+00
7.5200000000e-02 -1.1958062048e+00
7.5300000000e-02 -8.2059539069e-01
7.5400000000e-02 2.2224017064e-01
7.5500000000e-02 1.0034291433e+00
7.5600000000e-02 1.2479146640e+00
7.5700000000e-02 9.7320167114e-01
7.5800000000e-02 8.1937004283e-02
7.5900000000e-02 -1.4388694947e-01
7.6000000000e-02 -1.2923029922e+00
7.6100000000e-02 -1.0674811568e+00
7.6200000000e-02 -9.1837376120e-01
7.6300000000e-02 -7.6748826554e-01
7.6400000000e-02 1.2980371202e+00
7.6500000000e-02 1.1102250027e+00
7.6600000000e-02 1.1667855087e+00
7.6700000000e-02 1.0133298253e+00
7.6800000000e-02 -2.5332579655e-01
7.6900000000e-02 -3.3101787622e-01
7.7000000000e-02 -9.8294767650e-01
7.7100000000e-02 -1.1455180606e+00
7.7200000000e-02 -9.3597821638e-01
7.7300000000e-02 -1.5116868361e-01
7.7400000000e-02 5.2341842598e-01
7.7500000000e-02 1.6230132806e+00
7.7600000000e-02 9.2793634958e-01
7.7700000000e-02 1.2227825933e+00
7.7800000000e-02 5.5298710274e-01
7.7900000000e-02 -7.8046531198e-01
7.8000000000e-02 -1.4144755198e+00
7.8100000000e-02 -9.0504215451e-01
7.8200000000e-02 -7.3972751975e-01
7.8300000000e-02 1.3975654918e-01
7.8400000000e-02 6.4085733523e-01
7.8500000000e-02 2.1213610350e+00
7.8600000000e-02 1.3328776263e+00
7.8700000000e-02 8.3029857659e-01
7.8800000000e-02 2.5307015139e-01
7.8900000000e-02 -1.1474733488e+00
7.9000000000e-02 -2.1538387586e+00
7.9100000000e-02 -1.3924684822e+00
7.9200000000e-02 -1.4530937625e+00
7.9300000000e-02 -2.9977245008e-02
7.9400000000e-02 4.2361020483e-01
7.9500000000e-02 1.5194380640e+00
7.9600000000e-02 1.2967842334e+00
7.9700000000e-02 6.8455054354e-01
7.9800000000e-02 -3.9281001091e-01
7.9900000000e-02 -6.6445087833e-01
8.0000000000e-02 -1.2632233210e+00
8.0100000000e-02 -1.4492963948e+00
8.0200000000e-02 -9.5520709188e-01
8.0300000000e-02 3.9107451842e-01
8.0400000000e-02 2.0804701768e+00
8.0500000000e-02 1.7802247915e+00
8.0600000000e-02 1.8264183509e+00
8.0700000000e-02 7.5218495098e-01
8.0800000000e-02 4.2266108817e-01
8.0900000000e-02 -8.0604069158e-01
8.1000000000e-02 -1.3190885643e+00
8.1100000000e-02 -1.5022938759e+00
8.1200000000e-02 -8.7884379920e-01
8.1300000000e-02 7.0839321509e-01
8.1400000000e-02 1.1657857467e+00
8.1500000000e-02 1.5431495060e+00
8.1600000000e-02 9.4990985592e-01
8.1700000000e-02 6.1905244501e-01
8.1800000000e-02 -3.9392116598e-01
8.1900000000e-02 -1.4159979366e+00
8.2000000000e-02 -1.5097027586e+00
8.2100000000e-02 -1.3381637147e+00
8.2200000000e-02 8.4093344801e-02
8.2300000000e-02 6.5450425701e-01
8.2400000000e-02 1.5092338646e+00
8.2500000000e-02 1.4734744986e+00
8.2600000000e-02 8.3107432398e-01
8.2700000000e-02 2.7633945843e-01
8.2800000000e-02 -1.2068302654e+00
8.2900000000e-02 -1.4905674423e+00
8.3000000000e-02 -2.2696672699e+00
8.3100000000e-02 -1.4224310668e+00
8.3200000000e-02 -1.3212653632e-01
8.3300000000e-02 5.8755242540e-01
8.3400000000e-02 1.2778770583e+00
8.3500000000e-02 1.4224262409e+00
8.3600000000e-02 1.3375294995e+00
8.3700000000e-02 2.4885996468e-01
8.3800000000e-02 -6.4024118160e-01
8.3900000000e-02 -1.2187828638e+00
8.4000000000e-02 -1.4994799562e+00
8.4100000000e-02 -1.0157022877e+00
8.4200000000e-02 -6.1593455252e-01
8.4300000000e-02 6.4366643634e-01
8.4400000000e-02 1.2489934450e+00
8.4500000000e-02 1.4443596189e+00
8.4600000000e-02 1.2479021643e+00
8.4700000000e-02 6.4462394747e-02
8.4800000000e-02 -5.4596990696e-01
8.4900000000e-02 -1.5706304547e+00
8.5000000000e-02 -1.9165908517e+00
8.5100000000e-02 -8.6097730404e-01
8.5200000000e-02 -7.9450174280e-02
8.5300000000e-02 1.0411553363e+00
8.5400000000e-02 1.1699816733e+00
8.5500000000e-02 1.4186285827e+00
8.5600000000e-02 9.5349081231e-01
8.5700000000e-02 2.2244049924e-01
8.5800000000e-02 -6.5420163145e-01
8.5900000000e-02 -1.3741423352e+00
8.6000000000e-02 -1.1659847682e+00
8.6100000000e-02 -7.4575852682e-01
8.6200000000e-02 1.4651636910e-01
8.6300000000e-02 1.1225313108e+00
8.6400000000e-02 1.5044757069e+00
8.6500000000e-02 1.4954448965e+00
8.6600000000e-02 1.0205705822e+00
8.6700000000e-02 -4.0366207701e-01
8.6800000000e-02 -1.2562530991e+00
8.6900000000e-02 -1.9954072912e+00
8.7000000000e-02 -1.5170540557e+00
8.7100000000e-02 -8.4110926337e-01
8.7200000000e-02 1.2421608270e-01
8.7300000000e-02 1.2574465537e+00
8.7400000000e-02 1.3614615972e+00
8.7500000000e-02 1.4522618587e+00
8.7600000000e-02 9.9918093568e-01
8.7700000000e-02 -8.0199031408e-01
8.7800000000e-02 -2.0749093437e+00
8.7900000000e-02 -2.0953983315e+00
8.8000000000e-02 -1.6574241001e+00
8.8100000000e-02 -5.8067963667e-01
8.8200000000e-02 3.2436804839e-01
8.8300000000e-02 1.2995718049e+00
8.8400000000e-02 1.6138979661e+00
8.8500000000e-02 1.5350976655e+00
8.8600000000e-02 3.4164666678e-01
8.8700000000e-02 -3.9665987808e-01
8.8800000000e-02 -1.7544517950e+00
8.8900000000e-02 -1.6892630527e+00
8.9000000000e-02 -1.8754174234e+00
8.9100000000e-02 -3.8929145596e-01
8.9200000000e-02 5.1217689304e-01
8.9300000000e-02 1.8092410225e+00
8.9400000000e-02 2.3312185107e+00
8.9500000000e-02 1.5213442084e+00
8.9600000000e-02 6.4991221139e-01
8.9700000000e-02 -6.0024356162e-01
8.9800000000e-02 -1.2795138201e+00
8.9900000000e-02 -1.7502130486e+00
9.0000000000e-02 -1.0749452269e+00
9.0100000000e-02 -3.5708256353e-01
9.0200000000e-02 6.4613303327e-01
9.0300000000e-02 1.3133434067e+00
9.0400000000e-02 2.3756879219e+00
9.0500000000e-02 1.1467848122e+00
9.0600000000e-02 6.0117076129e-01
9.0700000000e-02 -9.9908805242e-01
9.0800000000e-02 -2.1562162051e+00
9.0900000000e-02 -1.3850376652e+00
9.1000000000e-02 -1.2610602341e+00
9.1100000000e-02 -4.3841517437e-01
9.1200000000e-02 9.1960950375e-01
9.1300000000e-02 1.3163663336e+00
9.1400000000e-02 1.5263438773e+00
9.1500000000e-02 1.0731617595e+00
9.1600000000e-02 3.1151883513e-01
9.1700000000e-02 -1.6946071044e+00
9.1800000000e-02 -1.2509854292e+00
9.1900000000e-02 -2.0270164795e+00
9.2000000000e-02 -1.4611384584e+00
9.2100000000e-02 -8.9120408626e-02
9.2200000000e-02 3.7772264662e-01
9.2300000000e-02 1.7948824316e+00
9.2400000000e-02 1.9851766972e+00
9.2500000000e-02 7.7911986097e-01
9.2600000000e-02 -1.2896538538e-01
9.2700000000e-02 -8.5493978592e-01
9.2800000000e-02 -1.5681351373e+00
9.2900000000e-02 -1.8131711891e+00
9.3000000000e-02 -9.7999426210e-01
9.3100000000e-02 9.3228031300e-02
9.3200000000e-02 1.6655515815e+00
9.3300000000e-02 1.7444006297e+00
9.3400000000e-02 1.0703843098e+00
9.3500000000e-02 8.1315900809e-01
9.3600000000e-02 -1.3394441291e-01
9.3700000000e-02 -1.6228476120e+00
9.3800000000e-02 -2.0391696680e+00
9.3900000000e-02 -5.9735746713e-01
9.4000000000e-02 -7.5512407870e-01
9.4100000000e-02 3.9458894594e-01
9.4200000000e-02 1.5111591819e+00
9.4300000000e-02 1.9592829833e+00
9.4400000000e-02 1.8160544675e+00
9.4500000000e-02 4.9203087411e-01
9.4600000000e-02 -2.6650204342e-02
9.4700000000e-02 -1.3135792899e+00
9.4800000000e-02 -2.0815996628e+00
9.4900000000e-02 -1.6519650062e+00
9.5000000000e-02 -4.9144276595e-01
9.5100000000e-02 7.0566505519e-01
9.5200000000e-02 1.4146671873e+00
9.5300000000e-02 1.7217989034e+00
9.5400000000e-02 1.2317660147e+00
9.5500000000e-02 7.8453000204e-01
9.5600000000e-02 -6.8936837114e-01
9.5700000000e-02 -1.3626362633e+00
9.5800000000e-02 -2.0873583136e+00
9.5900000000e-02 -1.4176846447e+00
9.6000000000e-02 -5.2766872466e-01
9.6100000000e-02 5.8944347319e-01
9.6200000000e-02 1.5146526412e+00
9.6300000000e-02 1.4878883778e+00
9.6400000000e-02 1.1555244688e+00
9.6500000000e-02 6.5870977319e-02
9.6600000000e-02 -2.7937975148e-01
9.6700000000e-02 -1.8105137526e+00
9.6800000000e-02 -1.7524142373e+00
9.6900000000e-02 -7.8335839610e-01
9.7000000000e-02 -4.4868997896e-01
9.7100000000e-02 8.7674900303e-01
9.7200000000e-02 1.3673946629e+00
9.7300000000e-02 1.9995442246e+00
9.7400000000e-02 9.2699878294e-01
9.7500000000e-02 -3.6507549761e-02
9.7600000000e-02 -8.1601879472e-01
9.7700000000e-02 -1.5086977108e+00
9.7800000000e-02 -1.6023987387e+00
9.7900000000e-02 -5.1834977786e-01
9.8000000000e-02 -6.4095153236e-01
9.8100000000e-02 1.1577652716e+00
9.8200000000e-02 1.5673659536e+00
9.8300000000e-02 1.9146654565e+00
9.8400000000e-02 1.2164704844e+00
9.8500000000e-02 3.5102123975e-01
9.8600000000e-02 -1.2164902488e+00
9.8700000000e-02 -1.9297391330e+00
9.8800000000e-02 -2.2757495103e+00
9.8900000000e-02 -8.9919561907e-01
9.9000000000e-02 -3.1547941495e-01
9.9100000000e-02 1.0447909964e+00
9.9200000000e-02 2.1915269960e+00
9.9300000000e-02 1.9108550861e+00
9.9400000000e-02 6.9675123713e-01
9.9500000000e-02 -3.2214579701e-01
9.9600000000e-02 -1.3909834129e+00
9.9700000000e-02 -1.8039079288e+00
9.9800000000e-02 -2.1835100369e+00
9.9900000000e-02 -9.4913303619e-01
